id	label	x	y	cluster	weight<Links>	weight<Total link strength>	weight<Occurrences>	score<Avg. pub. year>	score<Avg. citations>	score<Avg. norm. citations>
29	acclimation	-0.6723	-0.3315	5	37	62	7	2018.5714	44.4286	1.487
30	accumulation	-0.6844	0.3249	2	61	212	36	2019.75	11.9444	0.8798
60	agriculture	1.0521	0.0779	1	53	192	42	2020.0238	13.9762	1.3816
126	anthocyanins	-0.9842	-0.0981	2	49	143	20	2019.65	13.2	0.7131
139	antioxidants	-0.8096	0.2553	2	66	315	52	2019.75	14.4423	1.1826
152	arabidopsis	-0.9173	0.0301	3	43	127	25	2018.2	10.56	0.9085
168	artificial intelligence	0.7892	-0.3672	1	20	23	8	2019.375	6.75	1.2892
170	artificial lighting	0.0354	-0.367	2	68	236	34	2019.8235	16.5588	1.2663
219	basil	-0.5057	0.1385	4	61	179	23	2020.0435	21.4348	1.8776
242	bioactive compounds	-0.7589	0.1419	2	45	84	12	2020.5	5.4167	1.3981
254	biomass	-0.3705	0.1481	2	43	91	14	2020.5	6.5714	0.7828
265	biosynthesis	-0.5266	0.6318	2	36	69	13	2020.3846	3.6154	0.8209
274	blue light	-0.7006	-0.1712	3	93	858	120	2019.5882	14.175	0.9434
324	calcium	0.482	0.0582	5	21	32	7	2016.1429	13	1.0045
342	capacity	-0.9323	0.3492	2	29	39	7	2019.5714	19.8571	1.1552
398	chlorophyll	-0.9593	-0.2714	2	42	88	15	2019.0667	6.8	0.6887
401	chlorophyll fluorescence	-0.6998	-0.0175	2	56	175	28	2019.2963	12.4643	0.8904
427	city	1.2636	0.2473	1	16	21	7	2020.2857	5.4286	0.7737
431	climate change	0.9501	0.102	1	41	78	14	2018.0714	23.1429	1.5253
449	co2	0.1817	-0.0325	5	40	78	14	2017.9286	17.1429	1.5546
471	combinations	-0.7002	-0.5215	5	33	63	8	2017.5	23.25	1.542
526	controlled environment agriculture	0.3416	0.0129	1	84	275	52	2020.0385	18.5962	1.1996
599	cultivars	-0.3408	0.2818	5	40	72	14	2017.8571	8	0.8336
600	cultivation	0.6289	0.5631	1	31	44	7	2020.7143	5.7143	2.1904
621	daily light integral	-0.0823	0.6074	4	35	62	9	2019.7778	16.8889	1.0469
668	design	0.988	-0.2119	1	25	43	12	2020.3333	18.5833	2.1641
736	dynamics	0.0861	0.2834	5	27	31	7	2020	8.4286	2.1721
758	efficiency	0.48	-0.4254	1	39	59	10	2019.7	11.4	1.1179
794	energy	0.9037	-0.1221	1	45	104	23	2019.4783	11.9565	0.8449
807	energy use efficiency	0.0634	0.1022	4	40	71	12	2019.3333	13.5	1.2085
825	environment	0.5647	-0.1148	1	47	81	14	2019.5714	9.1429	0.826
878	expression	-0.6428	0.5355	4	41	90	16	2018.5	22.9375	0.9469
895	far-red	-0.5354	-0.5388	3	43	98	17	2020.3529	17	1.4797
919	field	0.4964	0.3817	5	23	33	7	2017.7143	13.2857	1.8741
958	food security	1.0518	0.3072	1	29	57	16	2018.4	22.0625	1.2523
969	food-production	1.1257	0.013	1	49	132	26	2020.3462	12.5	1.5353
1014	future	1.3653	0.0082	1	17	33	9	2020.4444	15.5556	1.2275
1020	gas-exchange	-0.2442	-0.2011	5	46	83	14	2018.8571	22.2857	0.9954
1024	gene expression	-1.0398	0.2312	2	43	93	16	2020.6875	9.5	1.2724
1082	green light	-0.4059	-0.2012	3	78	359	45	2019.1818	25.5333	1.0629
1103	greenhouses	0.6436	-0.002	1	60	163	36	2018.9143	18.0556	1.3876
1232	hydroponics	0.7407	0.439	1	65	196	39	2020.3077	5.9231	0.6932
1261	impact	0.6393	0.3563	1	31	42	7	2020.1429	7.7143	1.1673
1269	in-vitro	-0.5717	0.7525	4	25	44	7	2018.1429	28.2857	1.0456
1288	indoor farming	0.2607	0.2721	5	64	149	25	2020.4583	8.08	1.2579
1321	innovation	1.2435	0.1172	1	20	35	7	2019.3333	7.8571	1.3614
1347	internet of things	1.0338	0.4648	1	19	31	13	2020.5385	6.3846	0.7967
1366	irradiance	-0.4324	0.3788	4	69	239	31	2019.5806	15.5161	1.0549
1398	lactuca sativa l.	-0.123	-0.0336	2	105	981	151	2019.5828	12.9073	1.0014
1404	land	0.9054	0.209	1	27	51	8	2019.375	21.125	1.8743
1434	leaf photosynthesis	-0.2367	-0.8008	3	35	61	8	2020.25	17.375	1.4302
1445	leaves	-0.2526	-0.3931	5	77	360	60	2019.4746	10.6667	0.9524
1475	lettuce growth	0.3483	-0.6733	1	37	61	8	2016.5	82.125	1.5953
1490	life-cycle assessment	1.1432	-0.1953	1	24	42	10	2019.9	10.4	1.2425
1504	light emitting diodes	-0.5535	-0.024	2	96	1062	168	2019.375	15.3393	1.0179
1514	light intensity	-0.2814	0.4357	4	76	266	38	2019.9459	9.2632	0.8349
1515	light interception	-0.2234	-0.6547	5	38	68	11	2020.2727	8.2727	1.1053
1521	light quality	-0.797	-0.3211	3	63	225	29	2018.7931	37.7241	1.1049
1527	light spectrum	-1.1299	-0.2969	3	29	57	9	2019.7778	13.8889	0.8144
1531	light use efficiency	0.0295	-0.5316	5	34	65	9	2019.375	7.8889	1.1866
1560	local food	1.4028	0.0946	1	17	35	7	2019.5714	33.5714	1.7172
1594	management	0.8213	-0.2434	1	42	63	10	2020.8	19	2.0622
1637	metabolism	-0.7671	0.7146	2	37	70	11	2020.6364	5.1818	0.855
1680	model	0.7295	-0.4903	1	35	72	13	2019.6923	21.4615	1.7615
1703	morphology	-0.402	0.5741	4	45	120	17	2020.1176	8.9412	0.8659
1776	nitrate content	0.0413	0.393	5	50	119	19	2018.1053	17.8421	1.1105
1782	nitrogen	-0.0772	-0.1754	2	36	54	10	2019.5	5.9	0.528
1823	nutrient solution	0.3779	0.5764	1	42	72	11	2019.6364	9.6364	1.0317
1832	nutritional quality	-0.3191	0.7348	2	35	67	10	2020.3	14.2	1.2012
1861	optimization	0.6038	-0.2064	1	31	41	11	2017.4545	14.0909	1.2915
1915	performance	0.7495	-0.1158	1	57	106	22	2019.8636	10.5455	1.3837
1945	phenolic-compounds	-1.0527	0.4713	2	45	123	16	2020.5625	8.75	1.2245
1977	photomorphogenesis	-0.9474	-0.6101	3	46	169	21	2018.6667	49.9524	1.3494
1985	photoperiod	-0.1544	0.4675	4	64	172	26	2020	10.4615	0.8633
1994	photosynthesis	-0.3844	-0.3311	3	95	942	137	2019.0588	16.2847	0.9689
2015	photosynthetic rate	-1.0698	0.0361	2	29	44	7	2019.1429	25.8571	1.3924
2044	phytochemicals	-1.1968	0.2448	2	35	74	12	2019	36	1.4752
2045	phytochrome	-0.6536	-0.7717	3	37	80	10	2019.2	10.4	0.7988
2079	plant factory	0.0751	-0.0639	1	105	633	134	2018.2406	15.903	1.0437
2086	plant growth	-0.1153	0.2866	4	105	985	166	2019.5879	8.994	0.8288
2113	plant-production	-0.0949	-0.789	3	28	41	7	2020	10.5714	1.3231
2118	plants	-0.2213	0.221	2	87	384	59	2019.6271	15.8983	0.9926
2196	productivity	0.4304	-0.2678	1	52	112	21	2020.1429	7	0.8694
2245	quality	-0.2428	-0.0199	4	95	727	106	2019.7714	11.7547	0.8808
2253	quantum yield	-0.4162	-0.5775	3	44	104	12	2020	8.3333	1.1018
2261	radiation	-0.1273	-0.3373	2	67	170	23	2019.7727	11.6522	0.9294
2299	red light	-0.5438	-0.2162	3	92	798	109	2019.537	17.6881	0.9048
2352	responses	-0.4236	-0.015	3	87	382	58	2019.5	10.9655	1.0703
2450	secondary metabolites	-0.8367	-0.1143	2	44	101	17	2020.1176	12.9412	1.6109
2461	seedlings	-0.5194	-0.3815	3	46	106	15	2019.9333	10.2667	0.8744
2487	shade	0.3522	-0.0975	1	39	58	10	2019.6667	9	0.7619
2488	shade avoidance	-0.5378	-0.8878	3	34	71	9	2020.7778	8	1.0367
2511	simulation	0.982	-0.4092	1	19	32	8	2019.75	17.625	1.0874
2616	spinach	-0.8793	-0.4328	2	35	68	10	2017.3	31.5	0.9255
2649	stomatal conductance	0.119	-0.6509	3	38	63	9	2019.6667	10.4444	1.0216
2655	strawberry	0.0416	0.8626	4	26	39	8	2019.375	7	0.9264
2659	stress	-0.727	0.4308	2	52	157	26	2019.8846	6.5769	0.808
2685	supplemental blue	-0.47	-0.7597	3	42	119	15	2019	46.6667	1.2041
2695	sustainability	1.0868	0.1775	1	43	130	26	2020.4	10.6923	1.3578
2719	systems	0.7882	-0.0317	1	77	262	64	2019.375	13.5938	1.0631
2737	temperature	0.2862	0.1277	1	85	274	44	2018.8636	9.1136	0.85
2786	tomato	0.1944	-0.1787	4	56	123	21	2019.1905	19	1.3074
2827	transpiration	0.501	-0.5591	1	37	74	16	2019.5	5.9375	0.667
2869	urban agriculture	1.1081	-0.0726	1	59	212	48	2019.4681	22.4583	1.5615
2893	use efficiency	0.2984	-0.2649	1	48	96	14	2020	10.9286	1.0882
2926	vegetables	-0.5372	0.2831	2	48	88	17	2019.7647	15.4118	0.9679
2934	vegetative propagation	-0.0971	0.9423	4	12	15	7	2019.2857	5.1429	0.3486
2937	ventilation	0.8539	-0.5003	1	22	40	8	2019.125	13.125	1.126
2949	vertical farming	0.5542	0.1415	1	106	636	131	2020.1783	13.6641	1.2129
2979	water	0.4996	0.2616	1	70	228	44	2020.2727	8.4545	1.196
3008	wheat	-0.1057	0.0784	5	30	43	7	2017.6667	14.4286	1.0338
3009	white	-0.8422	0.5982	2	29	63	8	2020.375	7.125	0.8342
3040	yield	0.1415	0.5143	4	70	278	46	2020.0682	10.2826	0.9624
